-7.185547189606678042e-01
2.311446327623180030e-01
-4.345760107098908254e-01
-2.549935456771239561e-01
9.711222117238726970e-02
1.235900539328334879e+00
-5.121989684446806024e-01
2.631515181433764727e+00
-2.237753689567819837e+00
-6.273046883880945002e-01
1.627911621267844167e+00
-1.344855536757381564e+00
1.134957549925727616e+00
2.226247651856709364e+00
7.793209279869456330e-02
1.423879391663986915e+00
1.464291079992807276e+00
4.935488173262334577e-01
-6.601686593758158139e-01
8.119629925487065192e-01
-1.758922838678539935e-01
-1.169297789301744661e+00
-1.358310109164075685e+00
-9.320602787776095521e-01
3.617126523420302053e-01
7.525234235582760611e-01
5.309650370545138109e-01
-1.029043388056486874e+00
-3.263788362957249500e-01
-1.191435100984022721e+00
2.238304496384350972e-01
-1.718017632194930089e+00
2.388391492074754652e+00
-1.051109027543652985e+00
1.147051855000723819e+00
-1.177646344832073755e+00
-1.112541394647890591e+00
-1.095966758422916465e+00
-1.060783321015102310e+00
-1.728883674015265104e+00
2.025543685581515874e+00
9.778669604040250984e-01
1.624955764671328073e-01
1.863455845158873192e+00
-1.907478718090452607e-01
6.079660909621672493e-01
7.771373449754802598e-01
1.409595151854308392e+00
-6.231902566724775161e-01
8.934730954731975316e-01
-6.571182737306431321e-01
-8.181204896835815310e-01
-3.308419433248278585e-01
2.608093749525519645e+00
1.107371395404245229e+00
-2.325042110479502711e+00
1.476790657909841542e+00
-8.931544518320282400e-01
1.518293789976753905e+00
7.854961346943636347e-01
3.439551688331049517e-02
2.074958904880631616e-01
9.397103582654042775e-02
-1.626737454060057930e-01
-1.322805042407350307e+00
-3.821218299535337204e-01
5.885424557284248959e-01
-2.357815264101603692e-01
-1.512704254469446230e+00
-1.012166794403232650e+00
6.263247087703907590e-02
7.735571173167105075e-01
-2.250208505524023961e-01
5.340331999042718936e-01
-8.632215165419645508e-01
1.462103224856583950e+00
-5.366819559629157355e-02
-9.786194457637232835e-01
-6.588559913017212333e-01
-1.856971726301601677e+00
-3.071614284653773619e-01
-9.326181301143708913e-01
-8.406835046335118244e-01
-1.578111710392005040e+00
-1.876476627165094002e-01
1.185580978381936434e+00
-6.689273210826851557e-02
1.992292587763395906e+00
2.305121219418930778e-01
-3.379026706421613957e-01
1.302643306278762070e-01
4.241399384101972592e-01
-3.713552643158787858e-01
2.823340590669708439e-01
6.054003896261404005e-01
5.841218078126331203e-01
4.257917497794718176e-01
-1.730751681178197277e-01
-3.108188178914180755e-01
-2.142621179190847602e+00
1.452701952246974626e+00
8.383023714995970765e-01
-4.884356544484890206e-01
-1.068702026350837997e+00
-2.520613039323682525e-01
-6.715028340657702710e-01
3.094862326017244758e-02
-3.109080672783313126e-01
-2.319952459095895758e+00
6.616048987184014463e-01
-1.558637275880101924e+00
-2.016813947231979043e-01
2.894403016653940952e+00
7.802251018601205068e-01
-3.261508499765630731e-02
-4.765939823613491999e-01
-1.394384116714000033e-01
-5.214508105185786668e-01
-1.474368049439439554e+00
1.886596563389887127e+00
-5.085320636937341598e-01
2.985057849721742262e-01
1.197444774545391999e+00
1.426368298725084527e+00
-1.249686088338872736e+00
2.686146095067436512e-01
1.917613046510497021e+00
1.153549474466031732e+00
1.443830305813940784e+00
8.922749287818193542e-02
3.081177136727943355e-01
3.032978935828575251e-01
-2.773510547651818481e-01
-1.790318841801948224e+00
1.325813603294425658e-01
-1.292047014307083241e+00
-2.379747936608554326e+00
4.803395642512168773e-01
-9.205918606875458376e-01
1.139823344470966004e+00
4.353567953817798486e-01
1.549650219125279671e+00
-7.762868153313029485e-01
-9.247794757623791773e-01
-8.706479799939258468e-01
7.625533397820767334e-01
-3.464187018943436502e-01
7.427546367852413400e-01
9.628748857608182554e-01
1.731957260410832422e+00
-1.702952075518739949e+00
-3.184703876959077640e+00
-5.012472546891101333e-01
1.299473742973508150e-01
-8.317584201546055489e-01
-1.045071622709943471e+00
-2.805169746010882648e-02
-1.661616650425467023e-01
-1.064596543498572467e+00
7.945185643507193252e-01
4.694782255171854324e-01
-7.927606529888691078e-01
1.739292391134425741e-01
-1.419269212385863566e-01
-9.854659005820054496e-01
-1.738352174404668382e+00
6.912807352809216543e-02
1.199238470819901536e+00
1.360130598046440098e-01
-1.949600355473212754e-01
-1.074421298729133722e+00
-9.143763126918793560e-01
1.354442642005325714e+00
-1.148803516133143771e-01
1.258650881920329478e+00
1.463035058286400736e-01
-6.740990283767852587e-01
-6.225185138477634661e-01
4.712846124069725029e-01
-1.504944267403726110e+00
-1.052657469059934181e+00
-4.557415221935370159e-02
-1.740459455320157334e+00
5.685735347445070031e-01
-2.760172007742505151e-01
-6.030946299131395572e-01
7.097678992764236972e-01
-5.267842661573676200e-01
1.254352361602589561e+00
-1.075404535586367727e+00
7.405402876167248571e-01
1.524364952947723784e-01
6.088379271573167717e-01
-1.491668298725209674e+00
5.354564160866779332e-01
-2.208442239910407279e-01
1.420743590013142876e+00
-1.381567152502834794e+00
1.142814444055097467e-01
-1.100897323626010227e+00
-2.814904583609535438e-01
1.066136826149991279e+00
7.006256170196236699e-01
-1.480416048378562666e+00
7.756246917633060622e-01
8.186287022798630630e-01
-5.298597749198892259e-01
2.578688090796581872e-02
5.986057502033008682e-01
4.675130709991345834e-01
-7.196747259417488052e-02
-6.400805920826071471e-01
-2.761783690926306045e-01
-3.624824893135634163e-01
-4.332050556004462538e-01
-1.121898174821115646e+00
-7.141082987970336360e-01
8.324443001722823254e-01
1.326612474383340734e-01
7.779551060711189514e-01
-1.230431628130053801e+00
-2.487827336533674494e+00
-1.498194737679270805e+00
1.002997601723742971e+00
-1.395723568398740400e-01
-8.129099853180508095e-01
-6.670237312105757876e-01
3.214977336407642827e+00
-4.086032731566911491e-01
1.480043255439349448e-01
-9.217556632792330840e-01
-7.487268594223981388e-01
1.497737383073291240e-01
-2.483868514252189019e+00
-2.282058043011736259e-01
-3.402891840486598207e-01
-1.975386243889702298e+00
-5.427181667518558850e-02
1.244859227894639986e+00
-8.571509315590403189e-01
-8.659905021595047936e-01
8.357133051851277639e-01
3.008682823520285043e-01
-6.194529856896496822e-02
-1.156775943501122894e+00
-8.161968810166612132e-01
1.387696395124956128e+00
1.479417765283800090e+00
2.711789725306691157e+00
2.895688836897064578e-01
4.488136938423717415e-01
5.370460381805490790e-01
-1.128034142872877732e+00
-1.167707029173577604e+00
1.045941938445869912e+00
3.657888490154657668e-01
-1.557806967280970900e+00
2.303204570517614069e-01
-3.096706883774262842e-01
-4.388622575342471244e-02
5.257024834414418812e-01
1.744604016383716205e+00
7.738285668841138332e-01
6.928543549907872912e-02
-3.992815892940414502e-01
